1 68.312500
2 71.762497
3 71.107498
4 71.672501
5 70.699997
6 69.232498
7 67.092499
8 69.025002
9 68.757500
10 70.742500
11 70.792503
12 69.644997
13 71.932503
14 73.449997
15 72.267502
16 73.290001
17 74.389999
18 75.157501
19 75.934998
20 77.532501
21 78.752502
22 77.852501
23 76.912498
24 77.385002
25 76.927498
26 78.739998
27 78.285004
28 79.807503
29 79.212502
30 79.722504
31 79.182503
32 79.527496
33 79.562500
34 79.485001
35 80.462502
36 80.834999
37 81.279999
38 80.580002
39 82.875000
40 83.364998
41 85.997498
42 88.209999
43 83.974998
44 84.699997
45 85.747498
46 88.019997
47 87.897499
48 87.932503
49 87.430000
50 89.717499
51 91.632500
52 90.014999
53 91.209999
54 88.407501
55 90.445000
56 91.199997
57 91.027496
58 91.027496
59 93.462502
60 93.172501
61 95.342499
62 95.752502
63 95.919998
64 95.477501
65 97.057503
66 97.724998
67 96.522499
68 96.327499
69 98.357498
70 97.000000
71 97.272499
72 92.845001
73 92.614998
74 94.809998
75 93.252502
76 95.040001
77 96.190002
78 106.260002
79 108.937500
80 109.665001
81 110.062500
82 113.902496
83 111.112503
84 112.727501
85 109.375000
86 113.010002
87 115.010002
88 114.907501
89 114.607498
90 115.562500
91 115.707497
92 118.275002
93 124.370003
94 125.857498
95 124.824997
96 126.522499
97 125.010002
98 124.807503
99 129.039993
100 134.179993
101 131.399994
102 120.879997
103 120.959999
104 112.820000
105 117.320000
106 113.489998
107 112.000000
108 115.360001
109 115.540001
110 112.129997
111 110.339996
112 106.839996
113 110.080002
114 111.809998
115 107.120003
116 108.220001
117 112.279999
118 114.959999
119 114.089996
120 115.809998
121 116.790001
122 113.019997
123 116.500000
124 113.160004
125 115.080002
126 114.970001
127 116.970001
128 124.400002
129 121.099998
130 121.190002
131 120.709999
132 119.019997
133 115.980003
134 117.510002
135 116.870003
136 115.750000
137 115.040001
138 115.050003
139 116.599998
140 111.199997
141 115.320000
142 108.860001
143 108.769997
144 110.440002
145 114.949997
146 119.029999
147 118.690002
148 116.320000
149 115.970001
150 119.489998
151 119.209999
152 119.260002
153 120.300003
154 119.389999
155 118.029999
156 118.639999
157 117.339996
158 113.849998
159 115.169998
160 116.029999
161 116.589996
162 119.050003
163 122.720001
164 123.080002
165 122.940002
166 122.250000
167 123.750000
168 124.379997
169 121.779999
170 123.239998
171 122.410004
172 121.779999
173 127.879997
174 127.809998
175 128.699997
176 126.660004
177 128.229996
178 131.880005
179 130.960007
180 131.970001
181 136.690002
182 134.869995
183 133.720001
184 132.690002
185 129.410004
186 131.009995
187 126.599998
188 130.919998
189 132.050003
190 128.979996
191 128.800003
192 130.889999
193 128.910004
194 127.139999
195 127.830002
196 132.029999
197 136.869995
198 139.070007
199 142.919998
200 143.160004
201 142.059998
202 137.089996
203 131.960007
204 134.139999
205 134.990005
206 133.940002
207 137.389999
208 136.759995
209 136.910004
210 136.009995
211 135.389999
212 135.130005
213 135.369995
214 133.190002
215 130.839996
216 129.710007
217 129.869995
218 126.000000
219 125.860001
220 125.349998
221 120.989998
222 121.260002
223 127.790001
224 125.120003
225 122.059998
226 120.129997
227 121.419998
228 116.360001
229 121.089996
230 119.980003
231 121.959999
232 121.029999
233 123.989998
234 125.570000
235 124.760002
236 120.529999
237 119.989998
238 123.389999
239 122.540001
240 120.089996
241 120.589996
242 121.209999
243 121.389999
244 119.900002
245 122.150002
246 123.000000
247 125.900002
248 126.209999
249 127.900002
250 130.360001
251 133.000000