1 4.740000
2 5.950000
3 5.270000
4 5.030000
5 4.880000
6 5.610000
7 4.780000
8 4.890000
9 4.700000
10 4.770000
11 5.820000
12 5.640000
13 6.040000
14 5.730000
15 6.050000
16 5.480000
17 5.390000
18 4.930000
19 4.870000
20 4.980000
21 4.760000
22 4.540000
23 4.210000
24 4.130000
25 4.220000
26 4.580000
27 4.440000
28 4.430000
29 4.440000
30 4.180000
31 4.420000
32 4.690000
33 4.330000
34 4.060000
35 4.130000
36 4.180000
37 4.440000
38 4.470000
39 4.140000
40 5.010000
41 4.960000
42 5.070000
43 4.370000
44 4.720000
45 4.690000
46 4.640000
47 4.760000
48 4.950000
49 4.880000
50 4.870000
51 4.830000
52 4.410000
53 4.460000
54 4.350000
55 4.380000
56 4.340000
57 4.440000
58 4.290000
59 4.240000
60 4.090000
61 4.260000
62 4.210000
63 4.340000
64 4.260000
65 4.080000
66 4.190000
67 4.170000
68 3.960000
69 3.850000
70 4.010000
71 4.110000
72 4.110000
73 4.030000
74 4.010000
75 3.940000
76 4.060000
77 4.100000
78 4.010000
79 4.150000
80 4.430000
81 4.630000
82 4.430000
83 4.160000
84 4.330000
85 4.350000
86 4.520000
87 4.640000
88 4.750000
89 4.630000
90 4.810000
91 4.720000
92 4.610000
93 5.030000
94 4.870000
95 4.980000
96 5.110000
97 5.250000
98 5.390000
99 6.680000
100 7.650000
101 7.710000
102 7.820000
103 7.650000
104 7.700000
105 7.350000
106 6.230000
107 6.090000
108 6.910000
109 7.090000
110 8.680000
111 9.200000
112 9.470000
113 8.750000
114 10.560000
115 10.040000
116 9.140000
117 10.020000
118 10.090000
119 10.350000
120 10.200000
121 9.770000
122 9.390000
123 9.460000
124 9.130000
125 9.360000
126 13.490000
127 12.020000
128 11.800000
129 11.880000
130 12.250000
131 13.830000
132 13.310000
133 13.910000
134 13.860000
135 14.100000
136 14.910000
137 15.000000
138 13.450000
139 12.690000
140 11.820000
141 11.730000
142 10.470000
143 10.750000
144 11.570000
145 10.910000
146 11.450000
147 11.860000
148 11.490000
149 11.100000
150 11.750000
151 11.130000
152 11.010000
153 12.060000
154 11.630000
155 11.570000
156 12.460000
157 12.710000
158 13.900000
159 13.670000
160 14.750000
161 16.080000
162 16.559999
163 15.800000
164 16.580000
165 16.120001
166 16.900000
167 16.350000
168 16.940001
169 13.660000
170 14.120000
171 13.310000
172 12.720000
173 13.850000
174 13.850000
175 14.830000
176 15.630000
177 15.530000
178 19.459999
179 20.570000
180 20.150000
181 20.990000
182 19.379999
183 19.260000
184 18.840000
185 17.250000
186 17.370001
187 18.360001
188 18.080000
189 17.690001
190 19.940001
191 19.950001
192 31.400000
193 39.910000
194 35.500000
195 39.360001
196 39.119999
197 43.029999
198 65.010002
199 76.790001
200 147.979996
201 347.510010
202 193.600006
203 325.000000
204 225.000000
205 90.000000
206 92.410004
207 53.500000
208 63.770000
209 60.000000
210 50.310001
211 51.200001
212 51.099998
213 52.400002
214 49.509998
215 45.939999
216 40.689999
217 40.590000
218 46.000000
219 44.970001
220 91.709999
221 108.730003
222 101.739998
223 120.400002
224 118.180000
225 124.180000
226 132.350006
227 137.740005
228 194.500000
229 246.899994
230 265.000000
231 260.000000
232 264.500000
233 220.139999
234 208.169998
235 209.809998
236 201.750000
237 200.270004
238 194.490005
239 181.750000
240 120.339996
241 183.750000
242 181.000000
243 181.300003
244 194.460007
245 189.820007
246 191.449997
247 186.949997
248 184.500000
249 177.970001
250 170.259995
251 158.360001